1976 Standard Atmosphere in SI Units


Column 1 = Altitude [m] 
Column 2 = Temperature [Kelvin] 
Column 3 = Pressure [pascal] 
Column 4 = Density [kg/m3] 
Column 5 = Speed of sound [m/s] 


Col1 Col2   Col3        Col4   Col5
---- ----   ----        ----   ----
   0 288.15 101325      1.225  340.2941 
 100 287.5  100129.4386 1.2133 339.91 
 200 286.85 98945.3256  1.2017 339.5256 
 300 286.2  97772.5771  1.1901 339.1407 
 400 285.55 96611.1094  1.1786 338.7553 
 500 284.9  95460.8393  1.1673 338.3696 
 600 284.25 94321.6841  1.156  337.9833 
 700 283.6  93193.5613  1.1448 337.5967 
 800 282.95 92076.389   1.1336 337.2096 
 900 282.3  90970.0858  1.1226 336.822 
1000 281.65 89874.5705  1.1116 336.434 
1100 281    88789.7625  1.1008 336.0456 
1200 280.35 87715.5816  1.09   335.6567 
1300 279.7  86651.9479  1.0793 335.2674 
1400 279.05 85598.7819  1.0686 334.8776 
1500 278.4  84556.0048  1.0581 334.4873 
1600 277.75 83523.538   1.0476 334.0966 
1700 277.1  82501.3031  1.0372 333.7055 
1800 276.45 81489.2226  1.0269 333.3138 
1900 275.8  80487.2191  1.0166 332.9218 
2000 275.15 79495.2155  1.0065 332.5292 
2100 274.5  78513.1354  0.9964 332.1362 
2200 273.85 77540.9027  0.9864 331.7427 
2300 273.2  76578.4417  0.9765 331.3488 
2400 272.55 75625.677   0.9666 330.9544 
2500 271.9  74682.5337  0.9569 330.5595 
2600 271.25 73748.9373  0.9472 330.1642 
2700 270.6  72824.8137  0.9375 329.7683 
2800 269.95 71910.0892  0.928  329.372 
2900 269.3  71004.6905  0.9185 328.9753 
3000 268.65 70108.5447  0.9091 328.578 
3100 268    69221.5792  0.8998 328.1803 
3200 267.35 68343.722   0.8905 327.782 
3300 266.7  67474.9012  0.8814 327.3833 
3400 266.05 66615.0457  0.8723 326.9841 
3500 265.4  65764.0844  0.8632 326.5845 
3600 264.75 64921.9467  0.8543 326.1843 
3700 264.1  64088.5626  0.8454 325.7836 
3800 263.45 63263.8621  0.8366 325.3825 
3900 262.8  62447.7761  0.8278 324.9808 
4000 262.15 61640.2353  0.8191 324.5787 
4100 261.5  60841.1712  0.8105 324.176 
4200 260.85 60050.5157  0.802  323.7729 
4300 260.2  59268.2007  0.7935 323.3692 
4400 259.55 58494.1588  0.7851 322.9651 
4500 258.9  57728.323   0.7768 322.5604 
4600 258.25 56970.6264  0.7685 322.1553 
4700 257.6  56221.0029  0.7603 321.7496 
4800 256.95 55479.3863  0.7522 321.3434 
4900 256.3  54745.7111  0.7441 320.9367 
5000 255.65 54019.9121  0.7361 320.5295 
5100 255    53301.9244  0.7282 320.1217 
5200 254.35 52591.6836  0.7203 319.7135 
5300 253.7  51889.1255  0.7125 319.3047 
5400 253.05 51194.1864  0.7048 318.8954 
5500 252.4  50506.803   0.6971 318.4856 
5600 251.75 49826.9121  0.6895 318.0752 
5700 251.1  49154.4512  0.682  317.6643 
5800 250.45 48489.3581  0.6745 317.2529 
5900 249.8  47831.5707  0.6671 316.8409 
6000 249.15 47181.0276  0.6597 316.4284 
6100 248.5  46537.6675  0.6524 316.0154 
6200 247.85 45901.4296  0.6452 315.6018 
6300 247.2  45272.2534  0.638  315.1877 
6400 246.55 44650.0788  0.6309 314.7731 
6500 245.9  44034.8461  0.6238 314.3579 
6600 245.25 43426.4958  0.6169 313.9421 
6700 244.6  42824.9689  0.6099 313.5258 
6800 243.95 42230.2067  0.6031 313.1089 
6900 243.3  41642.1508  0.5963 312.6915 
7000 242.65 41060.7432  0.5895 312.2736 
7100 242    40485.9263  0.5828 311.855 
7200 241.35 39917.6427  0.5762 311.4359 
7300 240.7  39355.8355  0.5696 311.0163 
7400 240.05 38800.4481  0.5631 310.596 
7500 239.4  38251.4241  0.5566 310.1752 
7600 238.75 37708.7078  0.5502 309.7539 
7700 238.1  37172.2434  0.5439 309.3319 
7800 237.45 36641.9758  0.5376 308.9094 
7900 236.8  36117.85    0.5313 308.4863 
8000 236.15 35599.8114  0.5252 308.0626 
8100 235.5  35087.8059  0.519  307.6384 
8200 234.85 34581.7795  0.513  307.2135 
8300 234.2  34081.6786  0.507  306.7881 
8400 233.55 33587.4501  0.501  306.3621 
8500 232.9  33099.0409  0.4951 305.9355 
8600 232.25 32616.3987  0.4892 305.5082 
8700 231.6  32139.471   0.4834 305.0804 
8800 230.95 31668.2061  0.4777 304.652 
8900 230.3  31202.5523  0.472  304.223 
9000 229.65 30742.4584  0.4663 303.7934 
9100 229    30287.8735  0.4608 303.3631 
9200 228.35 29838.7468  0.4552 302.9323 
9300 227.7  29395.0283  0.4497 302.5008 
9400 227.05 28956.6678  0.4443 302.0688 
9500 226.4  28523.6158  0.4389 301.6361 
9600 225.75 28095.8229  0.4336 301.2028 
9700 225.1  27673.2402  0.4283 300.7688 
9800 224.45 27255.8189  0.423  300.3343 
9900 223.8  26843.5107  0.4178 299.8991 
10000 223.15 26436.2676 0.4127 299.4632 
10100 222.5 26034.0417 0.4076 299.0268 
10200 221.85 25636.7857 0.4026 298.5897 
10300 221.2 25244.4525 0.3976 298.1519 
10400 220.55 24856.9952 0.3926 297.7135 
10500 219.9 24474.3673 0.3877 297.2745 
10600 219.25 24096.5227 0.3829 296.8348 
10700 218.6 23723.4155 0.3781 296.3945 
10800 217.95 23355.0001 0.3733 295.9535 
10900 217.3 22991.2313 0.3686 295.5119 
11000 216.65 22632.064 0.3639 295.0696 
11100 216.65 22277.9816 0.3582 295.0696 
11200 216.65 21929.4389 0.3526 295.0696 
11300 216.65 21586.3493 0.3471 295.0696 
11400 216.65 21248.6273 0.3417 295.0696 
11500 216.65 20916.189 0.3363 295.0696 
11600 216.65 20588.9518 0.3311 295.0696 
11700 216.65 20266.8343 0.3259 295.0696 
11800 216.65 19949.7563 0.3208 295.0696 
11900 216.65 19637.6391 0.3158 295.0696 
12000 216.65 19330.405 0.3108 295.0696 
12100 216.65 19027.9777 0.306 295.0696 
12200 216.65 18730.2819 0.3012 295.0696 
12300 216.65 18437.2435 0.2965 295.0696 
12400 216.65 18148.7898 0.2918 295.0696 
12500 216.65 17864.849 0.2873 295.0696 
12600 216.65 17585.3505 0.2828 295.0696 
12700 216.65 17310.2248 0.2783 295.0696 
12800 216.65 17039.4035 0.274 295.0696 
12900 216.65 16772.8193 0.2697 295.0696 
13000 216.65 16510.4058 0.2655 295.0696 
13100 216.65 16252.0978 0.2613 295.0696 
13200 216.65 15997.831 0.2572 295.0696 
13300 216.65 15747.5423 0.2532 295.0696 
13400 216.65 15501.1694 0.2493 295.0696 
13500 216.65 15258.6511 0.2454 295.0696 
13600 216.65 15019.927 0.2415 295.0696 
13700 216.65 14784.9378 0.2377 295.0696 
13800 216.65 14553.625 0.234 295.0696 
13900 216.65 14325.9311 0.2304 295.0696 
14000 216.65 14101.7996 0.2268 295.0696 
14100 216.65 13881.1746 0.2232 295.0696 
14200 216.65 13664.0014 0.2197 295.0696 
14300 216.65 13450.2258 0.2163 295.0696 
14400 216.65 13239.7948 0.2129 295.0696 
14500 216.65 13032.6561 0.2096 295.0696 
14600 216.65 12828.758 0.2063 295.0696 
14700 216.65 12628.05 0.2031 295.0696 
14800 216.65 12430.4821 0.1999 295.0696 
14900 216.65 12236.0052 0.1968 295.0696 
15000 216.65 12044.5709 0.1937 295.0696 
15100 216.65 11856.1316 0.1906 295.0696 
15200 216.65 11670.6405 0.1877 295.0696 
15300 216.65 11488.0514 0.1847 295.0696 
15400 216.65 11308.3189 0.1818 295.0696 
15500 216.65 11131.3984 0.179 295.0696 
15600 216.65 10957.2459 0.1762 295.0696 
15700 216.65 10785.8179 0.1734 295.0696 
15800 216.65 10617.0721 0.1707 295.0696 
15900 216.65 10450.9662 0.168 295.0696 
16000 216.65 10287.4591 0.1654 295.0696 
16100 216.65 10126.5102 0.1628 295.0696 
16200 216.65 9968.0792 0.1603 295.0696 
16300 216.65 9812.127 0.1578 295.0696 
16400 216.65 9658.6147 0.1553 295.0696 
16500 216.65 9507.5041 0.1529 295.0696 
16600 216.65 9358.7576 0.1505 295.0696 
16700 216.65 9212.3383 0.1481 295.0696 
16800 216.65 9068.2098 0.1458 295.0696 
16900 216.65 8926.3361 0.1435 295.0696 
17000 216.65 8786.6821 0.1413 295.0696 
17100 216.65 8649.213 0.1391 295.0696 
17200 216.65 8513.8947 0.1369 295.0696 
17300 216.65 8380.6934 0.1348 295.0696 
17400 216.65 8249.5761 0.1327 295.0696 
17500 216.65 8120.5101 0.1306 295.0696 
17600 216.65 7993.4634 0.1285 295.0696 
17700 216.65 7868.4044 0.1265 295.0696 
17800 216.65 7745.3019 0.1245 295.0696 
17900 216.65 7624.1254 0.1226 295.0696 
18000 216.65 7504.8447 0.1207 295.0696 
18100 216.65 7387.4301 0.1188 295.0696 
18200 216.65 7271.8526 0.1169 295.0696 
18300 216.65 7158.0833 0.1151 295.0696 
18400 216.65 7046.0939 0.1133 295.0696 
18500 216.65 6935.8566 0.1115 295.0696 
18600 216.65 6827.344 0.1098 295.0696 
18700 216.65 6720.529 0.1081 295.0696 
18800 216.65 6615.3853 0.1064 295.0696 
18900 216.65 6511.8865 0.1047 295.0696 
19000 216.65 6410.0069 0.1031 295.0696 
19100 216.65 6309.7213 0.1015 295.0696 
19200 216.65 6211.0047 0.0999 295.0696 
19300 216.65 6113.8325 0.0983 295.0696 
19400 216.65 6018.1806 0.0968 295.0696 
19500 216.65 5924.0252 0.0953 295.0696 
19600 216.65 5831.3428 0.0938 295.0696 
19700 216.65 5740.1105 0.0923 295.0696 
19800 216.65 5650.3056 0.0909 295.0696 
19900 216.65 5561.9056 0.0894 295.0696 
20000 216.65 5474.8887 0.088 295.0696 
20100 216.75 5389.2527 0.0866 295.1377 
20200 216.85 5304.9949 0.0852 295.2057 
20300 216.95 5222.0923 0.0839 295.2738 
20400 217.05 5140.5225 0.0825 295.3418 
20500 217.15 5060.2636 0.0812 295.4099 
20600 217.25 4981.2938 0.0799 295.4779 
20700 217.35 4903.592 0.0786 295.5459 
20800 217.45 4827.1371 0.0773 295.6138 
20900 217.55 4751.9085 0.0761 295.6818 
21000 217.65 4677.8862 0.0749 295.7498 
21100 217.75 4605.0501 0.0737 295.8177 
21200 217.85 4533.3808 0.0725 295.8856 
21300 217.95 4462.859 0.0713 295.9535 
21400 218.05 4393.4658 0.0702 296.0214 
21500 218.15 4325.1827 0.0691 296.0893 
21600 218.25 4257.9915 0.068 296.1571 
21700 218.35 4191.8741 0.0669 296.225 
21800 218.45 4126.8129 0.0658 296.2928 
21900 218.55 4062.7907 0.0648 296.3606 
22000 218.65 3999.7902 0.0637 296.4284 
22100 218.75 3937.7948 0.0627 296.4962 
22200 218.85 3876.7881 0.0617 296.5639 
22300 218.95 3816.7537 0.0607 296.6317 
22400 219.05 3757.6757 0.0598 296.6994 
22500 219.15 3699.5385 0.0588 296.7671 
22600 219.25 3642.3267 0.0579 296.8348 
22700 219.35 3586.0252 0.057 296.9025 
22800 219.45 3530.619 0.056 296.9702 
22900 219.55 3476.0935 0.0552 297.0378 
23000 219.65 3422.4343 0.0543 297.1055 
23100 219.75 3369.6274 0.0534 297.1731 
23200 219.85 3317.6587 0.0526 297.2407 
23300 219.95 3266.5145 0.0517 297.3083 
23400 220.05 3216.1815 0.0509 297.3759 
23500 220.15 3166.6465 0.0501 297.4434 
23600 220.25 3117.8963 0.0493 297.511 
23700 220.35 3069.9182 0.0485 297.5785 
23800 220.45 3022.6997 0.0478 297.646 
23900 220.55 2976.2284 0.047 297.7135 
24000 220.65 2930.4922 0.0463 297.781 
24100 220.75 2885.479 0.0455 297.8485 
24200 220.85 2841.1771 0.0448 297.916 
24300 220.95 2797.5751 0.0441 297.9834 
24400 221.05 2754.6614 0.0434 298.0508 
24500 221.15 2712.425 0.0427 298.1182 
24600 221.25 2670.8548 0.0421 298.1856 
24700 221.35 2629.9401 0.0414 298.253 
24800 221.45 2589.6702 0.0407 298.3204 
24900 221.55 2550.0347 0.0401 298.3877 
25000 221.65 2511.0234 0.0395 298.455 
25100 221.75 2472.626 0.0388 298.5224 
25200 221.85 2434.8326 0.0382 298.5897 
25300 221.95 2397.6336 0.0376 298.657 
25400 222.05 2361.0193 0.037 298.7242 
25500 222.15 2324.9802 0.0365 298.7915 
25600 222.25 2289.5071 0.0359 298.8587 
25700 222.35 2254.5908 0.0353 298.926 
25800 222.45 2220.2224 0.0348 298.9932 
25900 222.55 2186.3929 0.0342 299.0604 
26000 222.65 2153.0938 0.0337 299.1275 
26100 222.75 2120.3164 0.0332 299.1947 
26200 222.85 2088.0523 0.0326 299.2619 
26300 222.95 2056.2934 0.0321 299.329 
26400 223.05 2025.0314 0.0316 299.3961 
26500 223.15 1994.2584 0.0311 299.4632 
26600 223.25 1963.9666 0.0306 299.5303 
26700 223.35 1934.1481 0.0302 299.5974 
26800 223.45 1904.7953 0.0297 299.6645 
26900 223.55 1875.9009 0.0292 299.7315 
27000 223.65 1847.4574 0.0288 299.7985 
27100 223.75 1819.4576 0.0283 299.8656 
27200 223.85 1791.8944 0.0279 299.9326 
27300 223.95 1764.7608 0.0275 299.9995 
27400 224.05 1738.0498 0.027 300.0665 
27500 224.15 1711.7549 0.0266 300.1335 
27600 224.25 1685.8692 0.0262 300.2004 
27700 224.35 1660.3862 0.0258 300.2673 
27800 224.45 1635.2995 0.0254 300.3343 
27900 224.55 1610.6028 0.025 300.4012 
28000 224.65 1586.2898 0.0246 300.468 
28100 224.75 1562.3544 0.0242 300.5349 
28200 224.85 1538.7906 0.0238 300.6018 
28300 224.95 1515.5924 0.0235 300.6686 
28400 225.05 1492.754 0.0231 300.7354 
28500 225.15 1470.2697 0.0227 300.8022 
28600 225.25 1448.1338 0.0224 300.869 
28700 225.35 1426.3408 0.022 300.9358 
28800 225.45 1404.8852 0.0217 301.0026 
28900 225.55 1383.7616 0.0214 301.0693 
29000 225.65 1362.9648 0.021 301.136 
29100 225.75 1342.4896 0.0207 301.2028 
29200 225.85 1322.3308 0.0204 301.2695 
29300 225.95 1302.4835 0.0201 301.3362 
29400 226.05 1282.9426 0.0198 301.4028 
29500 226.15 1263.7033 0.0195 301.4695 
29600 226.25 1244.7609 0.0192 301.5361 
29700 226.35 1226.1106 0.0189 301.6028 
29800 226.45 1207.7478 0.0186 301.6694 
29900 226.55 1189.6679 0.0183 301.736 
30000 226.65 1171.8665 0.018 301.8026 
30100 226.75 1154.3391 0.0177 301.8691 
30200 226.85 1137.0815 0.0175 301.9357 
30300 226.95 1120.0892 0.0172 302.0022 
30400 227.05 1103.3583 0.0169 302.0688 
30500 227.15 1086.8844 0.0167 302.1353 
30600 227.25 1070.6636 0.0164 302.2018 
30700 227.35 1054.6918 0.0162 302.2683 
30800 227.45 1038.9652 0.0159 302.3347 
30900 227.55 1023.4799 0.0157 302.4012 
31000 227.65 1008.232 0.0154 302.4676 
31100 227.75 993.2178 0.0152 302.534 
31200 227.85 978.4336 0.015 302.6005 
31300 227.95 963.8758 0.0147 302.6669 
31400 228.05 949.5409 0.0145 302.7332 
31500 228.15 935.4254 0.0143 302.7996 
31600 228.25 921.5257 0.0141 302.866 
31700 228.35 907.8385 0.0138 302.9323 
31800 228.45 894.3604 0.0136 302.9986 
31900 228.55 881.0882 0.0134 303.0649 
32000 228.65 868.0187 0.0132 303.1312 
32100 228.93 855.1536 0.013 303.3168 
32200 229.21 842.4946 0.0128 303.5022 
32300 229.49 830.0381 0.0126 303.6875 
32400 229.77 817.7806 0.0124 303.8727 
32500 230.05 805.7187 0.0122 304.0578 
32600 230.33 793.8491 0.012 304.2428 
32700 230.61 782.1685 0.0118 304.4277 
32800 230.89 770.6735 0.0116 304.6124 
32900 231.17 759.3612 0.0114 304.7971 
33000 231.45 748.2282 0.0113 304.9816 
33100 231.73 737.2717 0.0111 305.166 
33200 232.01 726.4885 0.0109 305.3503 
33300 232.29 715.8758 0.0107 305.5345 
33400 232.57 705.4306 0.0106 305.7186 
33500 232.85 695.1501 0.0104 305.9026 
33600 233.13 685.0315 0.0102 306.0865 
33700 233.41 675.0721 0.0101 306.2702 
33800 233.69 665.2692 0.0099 306.4539 
33900 233.97 655.6201 0.0098 306.6374 
34000 234.25 646.1222 0.0096 306.8208 
34100 234.53 636.7731 0.0095 307.0042 
34200 234.81 627.5701 0.0093 307.1874 
34300 235.09 618.5108 0.0092 307.3705 
34400 235.37 609.5929 0.009 307.5535 
34500 235.65 600.814 0.0089 307.7363 
34600 235.93 592.1716 0.0087 307.9191 
34700 236.21 583.6637 0.0086 308.1018 
34800 236.49 575.2878 0.0085 308.2843 
34900 236.77 567.0418 0.0083 308.4668 
35000 237.05 558.9235 0.0082 308.6491 
35100 237.33 550.9309 0.0081 308.8314 
35200 237.61 543.0618 0.008 309.0135 
35300 237.89 535.3141 0.0078 309.1955 
35400 238.17 527.6859 0.0077 309.3774 
35500 238.45 520.1752 0.0076 309.5592 
35600 238.73 512.7799 0.0075 309.7409 
35700 239.01 505.4984 0.0074 309.9225 
35800 239.29 498.3285 0.0073 310.104 
35900 239.57 491.2686 0.0071 310.2854 
36000 239.85 484.3167 0.007 310.4666 
36100 240.13 477.4712 0.0069 310.6478 
36200 240.41 470.7302 0.0068 310.8289 
36300 240.69 464.0921 0.0067 311.0098 
36400 240.97 457.5552 0.0066 311.1907 
36500 241.25 451.1177 0.0065 311.3714 
36600 241.53 444.7781 0.0064 311.552 
36700 241.81 438.5349 0.0063 311.7326 
36800 242.09 432.3863 0.0062 311.913 
36900 242.37 426.3309 0.0061 312.0933 
37000 242.65 420.3671 0.006 312.2736 
37100 242.93 414.4935 0.0059 312.4537 
37200 243.21 408.7086 0.0059 312.6337 
37300 243.49 403.0109 0.0058 312.8136 
37400 243.77 397.3991 0.0057 312.9934 
37500 244.05 391.8718 0.0056 313.1731 
37600 244.33 386.4275 0.0055 313.3527 
37700 244.61 381.065 0.0054 313.5322 
37800 244.89 375.7829 0.0053 313.7116 
37900 245.17 370.5799 0.0053 313.8909 
38000 245.45 365.4547 0.0052 314.0701 
38100 245.73 360.4062 0.0051 314.2492 
38200 246.01 355.4331 0.005 314.4282 
38300 246.29 350.5341 0.005 314.6071 
38400 246.57 345.7081 0.0049 314.7858 
38500 246.85 340.9539 0.0048 314.9645 
38600 247.13 336.2703 0.0047 315.1431 
38700 247.41 331.6563 0.0047 315.3216 
38800 247.69 327.1107 0.0046 315.5 
38900 247.97 322.6325 0.0045 315.6782 
39000 248.25 318.2205 0.0045 315.8564 
39100 248.53 313.8737 0.0044 316.0345 
39200 248.81 309.591 0.0043 316.2125 
39300 249.09 305.3716 0.0043 316.3903 
39400 249.37 301.2142 0.0042 316.5681 
39500 249.65 297.1181 0.0041 316.7458 
39600 249.93 293.0821 0.0041 316.9234 
39700 250.21 289.1054 0.004 317.1008 
39800 250.49 285.187 0.004 317.2782 
39900 250.77 281.3261 0.0039 317.4555 
40000 251.05 277.5216 0.0039 317.6327 
40100 251.33 273.7727 0.0038 317.8098 
40200 251.61 270.0785 0.0037 317.9867 
40300 251.89 266.4382 0.0037 318.1636 
40400 252.17 262.851 0.0036 318.3404 
40500 252.45 259.3159 0.0036 318.5171 
40600 252.73 255.8322 0.0035 318.6937 
40700 253.01 252.3991 0.0035 318.8702 
40800 253.29 249.0158 0.0034 319.0466 
40900 253.57 245.6815 0.0034 319.2229 
41000 253.85 242.3955 0.0033 319.3991 
41100 254.13 239.1569 0.0033 319.5752 
41200 254.41 235.9652 0.0032 319.7512 
41300 254.69 232.8194 0.0032 319.9271 
41400 254.97 229.719 0.0031 320.1029 
41500 255.25 226.6632 0.0031 320.2786 
41600 255.53 223.6514 0.003 320.4542 
41700 255.81 220.6828 0.003 320.6298 
41800 256.09 217.7568 0.003 320.8052 
41900 256.37 214.8727 0.0029 320.9805 
42000 256.65 212.0299 0.0029 321.1557 
42100 256.93 209.2277 0.0028 321.3309 
42200 257.21 206.4656 0.0028 321.5059 
42300 257.49 203.7429 0.0028 321.6809 
42400 257.77 201.059 0.0027 321.8557 
42500 258.05 198.4133 0.0027 322.0305 
42600 258.33 195.8052 0.0026 322.2052 
42700 258.61 193.2342 0.0026 322.3797 
42800 258.89 190.6996 0.0026 322.5542 
42900 259.17 188.201 0.0025 322.7286 
43000 259.45 185.7378 0.0025 322.9029 
43100 259.73 183.3094 0.0025 323.0771 
43200 260.01 180.9154 0.0024 323.2512 
43300 260.29 178.5551 0.0024 323.4252 
43400 260.57 176.2281 0.0024 323.5991 
43500 260.85 173.9339 0.0023 323.7729 
43600 261.13 171.672 0.0023 323.9466 
43700 261.41 169.4418 0.0023 324.1202 
43800 261.69 167.243 0.0022 324.2938 
43900 261.97 165.075 0.0022 324.4672 
44000 262.25 162.9374 0.0022 324.6406 
44100 262.53 160.8297 0.0021 324.8138 
44200 262.81 158.7515 0.0021 324.987 
44300 263.09 156.7023 0.0021 325.1601 
44400 263.37 154.6817 0.002 325.3331 
44500 263.65 152.6892 0.002 325.506 
44600 263.93 150.7245 0.002 325.6788 
44700 264.21 148.7871 0.002 325.8515 
44800 264.49 146.8766 0.0019 326.0241 
44900 264.77 144.9927 0.0019 326.1966 
45000 265.05 143.1348 0.0019 326.369 
45100 265.33 141.3027 0.0019 326.5414 
45200 265.61 139.4959 0.0018 326.7136 
45300 265.89 137.7141 0.0018 326.8858 
45400 266.17 135.957 0.0018 327.0579 
45500 266.45 134.224 0.0018 327.2299 
45600 266.73 132.5149 0.0017 327.4017 
45700 267.01 130.8293 0.0017 327.5735 
45800 267.29 129.1669 0.0017 327.7453 
45900 267.57 127.5274 0.0017 327.9169 
46000 267.85 125.9103 0.0016 328.0884 
46100 268.13 124.3154 0.0016 328.2599 
46200 268.41 122.7423 0.0016 328.4312 
46300 268.69 121.1908 0.0016 328.6025 
46400 268.97 119.6604 0.0015 328.7736 
46500 269.25 118.1509 0.0015 328.9447 
46600 269.53 116.662 0.0015 329.1157 
46700 269.81 115.1934 0.0015 329.2866 
46800 270.09 113.7448 0.0015 329.4574 
46900 270.37 112.3158 0.0014 329.6282 
47000 270.65 110.9063 0.0014 329.7988 
47100 270.65 109.5152 0.0014 329.7988 
47200 270.65 108.1415 0.0014 329.7988 
47300 270.65 106.785 0.0014 329.7988 
47400 270.65 105.4456 0.0014 329.7988 
47500 270.65 104.123 0.0013 329.7988 
47600 270.65 102.8169 0.0013 329.7988 
47700 270.65 101.5272 0.0013 329.7988 
47800 270.65 100.2538 0.0013 329.7988 
47900 270.65 98.9962 0.0013 329.7988 
48000 270.65 97.7545 0.0013 329.7988 
48100 270.65 96.5283 0.0012 329.7988 
48200 270.65 95.3176 0.0012 329.7988 
48300 270.65 94.122 0.0012 329.7988 
48400 270.65 92.9414 0.0012 329.7988 
48500 270.65 91.7756 0.0012 329.7988 
48600 270.65 90.6244 0.0012 329.7988 
48700 270.65 89.4877 0.0012 329.7988 
48800 270.65 88.3652 0.0011 329.7988 
48900 270.65 87.2568 0.0011 329.7988 
49000 270.65 86.1623 0.0011 329.7988 
49100 270.65 85.0815 0.0011 329.7988 
49200 270.65 84.0143 0.0011 329.7988 
49300 270.65 82.9605 0.0011 329.7988 
49400 270.65 81.9199 0.0011 329.7988 
49500 270.65 80.8924 0.001 329.7988 
49600 270.65 79.8777 0.001 329.7988 
49700 270.65 78.8758 0.001 329.7988 
49800 270.65 77.8864 0.001 329.7988 
49900 270.65 76.9095 0.001 329.7988 
50000 270.65 75.9448 0.001 329.7988 
50100 270.65 74.9922 0.001 329.7988 
50200 270.65 74.0515 0.001 329.7988 
50300 270.65 73.1227 0.0009 329.7988 
50400 270.65 72.2055 0.0009 329.7988 
50500 270.65 71.2998 0.0009 329.7988 
50600 270.65 70.4054 0.0009 329.7988 
50700 270.65 69.5223 0.0009 329.7988 
50800 270.65 68.6503 0.0009 329.7988 
50900 270.65 67.7892 0.0009 329.7988 
51000 270.65 66.9389 0.0009 329.7988 
51100 270.37 66.0988 0.0009 329.6282 
51200 270.09 65.2684 0.0008 329.4574 
51300 269.81 64.4476 0.0008 329.2866 
51400 269.53 63.6363 0.0008 329.1157 
51500 269.25 62.8344 0.0008 328.9447 
51600 268.97 62.0418 0.0008 328.7736 
51700 268.69 61.2583 0.0008 328.6025 
51800 268.41 60.484 0.0008 328.4312 
51900 268.13 59.7186 0.0008 328.2599 
52000 267.85 58.9622 0.0008 328.0884 
52100 267.57 58.2145 0.0008 327.9169 
52200 267.29 57.4756 0.0007 327.7453 
52300 267.01 56.7453 0.0007 327.5735 
52400 266.73 56.0235 0.0007 327.4017 
52500 266.45 55.3101 0.0007 327.2299 
52600 266.17 54.6051 0.0007 327.0579 
52700 265.89 53.9084 0.0007 326.8858 
52800 265.61 53.2198 0.0007 326.7136 
52900 265.33 52.5393 0.0007 326.5414 
53000 265.05 51.8668 0.0007 326.369 
53100 264.77 51.2022 0.0007 326.1966 
53200 264.49 50.5454 0.0007 326.0241 
53300 264.21 49.8964 0.0007 325.8515 
53400 263.93 49.2551 0.0007 325.6788 
53500 263.65 48.6213 0.0006 325.506 
53600 263.37 47.995 0.0006 325.3331 
53700 263.09 47.3761 0.0006 325.1601 
53800 262.81 46.7646 0.0006 324.987 
53900 262.53 46.1603 0.0006 324.8138 
54000 262.25 45.5632 0.0006 324.6406 
54100 261.97 44.9731 0.0006 324.4672 
54200 261.69 44.3902 0.0006 324.2938 
54300 261.41 43.8141 0.0006 324.1202 
54400 261.13 43.2449 0.0006 323.9466 
54500 260.85 42.6826 0.0006 323.7729 
54600 260.57 42.1269 0.0006 323.5991 
54700 260.29 41.5779 0.0006 323.4252 
54800 260.01 41.0354 0.0005 323.2512 
54900 259.73 40.4995 0.0005 323.0771 
55000 259.45 39.97 0.0005 322.9029 
55100 259.17 39.4469 0.0005 322.7286 
55200 258.89 38.93 0.0005 322.5542 
55300 258.61 38.4194 0.0005 322.3797 
55400 258.33 37.9149 0.0005 322.2052 
55500 258.05 37.4166 0.0005 322.0305 
55600 257.77 36.9242 0.0005 321.8557 
55700 257.49 36.4378 0.0005 321.6809 
55800 257.21 35.9573 0.0005 321.5059 
55900 256.93 35.4826 0.0005 321.3309 
56000 256.65 35.0137 0.0005 321.1557 
56100 256.37 34.5504 0.0005 320.9805 
56200 256.09 34.0928 0.0005 320.8052 
56300 255.81 33.6408 0.0005 320.6298 
56400 255.53 33.1943 0.0005 320.4542 
56500 255.25 32.7532 0.0004 320.2786 
56600 254.97 32.3175 0.0004 320.1029 
56700 254.69 31.8871 0.0004 319.9271 
56800 254.41 31.462 0.0004 319.7512 
56900 254.13 31.0421 0.0004 319.5752 
57000 253.85 30.6274 0.0004 319.3991 
57100 253.57 30.2178 0.0004 319.2229 
57200 253.29 29.8131 0.0004 319.0466 
57300 253.01 29.4135 0.0004 318.8702 
57400 252.73 29.0188 0.0004 318.6937 
57500 252.45 28.629 0.0004 318.5171 
57600 252.17 28.2439 0.0004 318.3404 
57700 251.89 27.8637 0.0004 318.1636 
57800 251.61 27.4881 0.0004 317.9867 
57900 251.33 27.1172 0.0004 317.8098 
58000 251.05 26.7509 0.0004 317.6327 
58100 250.77 26.3891 0.0004 317.4555 
58200 250.49 26.0318 0.0004 317.2782 
58300 250.21 25.679 0.0004 317.1008 
58400 249.93 25.3306 0.0004 316.9234 
58500 249.65 24.9865 0.0003 316.7458 
58600 249.37 24.6467 0.0003 316.5681 
58700 249.09 24.3112 0.0003 316.3903 
58800 248.81 23.9798 0.0003 316.2125 
58900 248.53 23.6526 0.0003 316.0345 
59000 248.25 23.3296 0.0003 315.8564 
59100 247.97 23.0105 0.0003 315.6782 
59200 247.69 22.6955 0.0003 315.5 
59300 247.41 22.3844 0.0003 315.3216 
59400 247.13 22.0773 0.0003 315.1431 
59500 246.85 21.774 0.0003 314.9645 
59600 246.57 21.4746 0.0003 314.7858 
59700 246.29 21.1789 0.0003 314.6071 
59800 246.01 20.887 0.0003 314.4282 
59900 245.73 20.5988 0.0003 314.2492 
60000 245.45 20.3143 0.0003 314.0701 
60100 245.17 20.0333 0.0003 313.8909 
60200 244.89 19.7559 0.0003 313.7116 
60300 244.61 19.4821 0.0003 313.5322 
60400 244.33 19.2117 0.0003 313.3527 
60500 244.05 18.9448 0.0003 313.1731 
60600 243.77 18.6813 0.0003 312.9934 
60700 243.49 18.4212 0.0003 312.8136 
60800 243.21 18.1644 0.0003 312.6337 
60900 242.93 17.9109 0.0003 312.4537 
61000 242.65 17.6606 0.0003 312.2736 
61100 242.37 17.4136 0.0003 312.0933 
61200 242.09 17.1697 0.0002 311.913 
61300 241.81 16.929 0.0002 311.7326 
61400 241.53 16.6913 0.0002 311.552 
61500 241.25 16.4568 0.0002 311.3714 
61600 240.97 16.2252 0.0002 311.1907 
61700 240.69 15.9967 0.0002 311.0098 
61800 240.41 15.7711 0.0002 310.8289 
61900 240.13 15.5485 0.0002 310.6478 
62000 239.85 15.3287 0.0002 310.4666 
62100 239.57 15.1118 0.0002 310.2854 
62200 239.29 14.8977 0.0002 310.104 
62300 239.01 14.6864 0.0002 309.9225 
62400 238.73 14.4778 0.0002 309.7409 
62500 238.45 14.272 0.0002 309.5592 
62600 238.17 14.0689 0.0002 309.3774 
62700 237.89 13.8684 0.0002 309.1955 
62800 237.61 13.6705 0.0002 309.0135 
62900 237.33 13.4753 0.0002 308.8314 
63000 237.05 13.2826 0.0002 308.6491 
63100 236.77 13.0924 0.0002 308.4668 
63200 236.49 12.9047 0.0002 308.2843 
63300 236.21 12.7196 0.0002 308.1018 
63400 235.93 12.5368 0.0002 307.9191 
63500 235.65 12.3565 0.0002 307.7363 
63600 235.37 12.1785 0.0002 307.5535 
63700 235.09 12.0029 0.0002 307.3705 
63800 234.81 11.8297 0.0002 307.1874 
63900 234.53 11.6587 0.0002 307.0042 
64000 234.25 11.49 0.0002 306.8208 
64100 233.97 11.3235 0.0002 306.6374 
64200 233.69 11.1593 0.0002 306.4539 
64300 233.41 10.9973 0.0002 306.2702 
64400 233.13 10.8374 0.0002 306.0865 
64500 232.85 10.6796 0.0002 305.9026 
64600 232.57 10.524 0.0002 305.7186 
64700 232.29 10.3704 0.0002 305.5345 
64800 232.01 10.2189 0.0002 305.3503 
64900 231.73 10.0695 0.0002 305.166 
65000 231.45 9.922 0.0001 304.9816 
65100 231.17 9.7766 0.0001 304.7971 
65200 230.89 9.6331 0.0001 304.6124 
65300 230.61 9.4915 0.0001 304.4277 
65400 230.33 9.3518 0.0001 304.2428 
65500 230.05 9.2141 0.0001 304.0578 
65600 229.77 9.0782 0.0001 303.8727 
65700 229.49 8.9441 0.0001 303.6875 
65800 229.21 8.8119 0.0001 303.5022 
65900 228.93 8.6814 0.0001 303.3168 
66000 228.65 8.5527 0.0001 303.1312 
66100 228.37 8.4258 0.0001 302.9456 
66200 228.09 8.3006 0.0001 302.7598 
66300 227.81 8.1772 0.0001 302.5739 
66400 227.53 8.0554 0.0001 302.3879 
66500 227.25 7.9353 0.0001 302.2018 
66600 226.97 7.8168 0.0001 302.0155 
66700 226.69 7.6999 0.0001 301.8292 
66800 226.41 7.5847 0.0001 301.6427 
66900 226.13 7.471 0.0001 301.4562 
67000 225.85 7.359 0.0001 301.2695 
67100 225.57 7.2484 0.0001 301.0827 
67200 225.29 7.1394 0.0001 300.8957 
67300 225.01 7.0319 0.0001 300.7087 
67400 224.73 6.9259 0.0001 300.5215 
67500 224.45 6.8213 0.0001 300.3343 
67600 224.17 6.7182 0.0001 300.1469 
67700 223.89 6.6165 0.0001 299.9594 
67800 223.61 6.5163 0.0001 299.7717 
67900 223.33 6.4174 0.0001 299.584 
68000 223.05 6.3199 0.0001 299.3961 
68100 222.77 6.2238 0.0001 299.2081 
68200 222.49 6.129 0.0001 299.0201 
68300 222.21 6.0356 0.0001 298.8318 
68400 221.93 5.9434 0.0001 298.6435 
68500 221.65 5.8526 0.0001 298.455 
68600 221.37 5.763 0.0001 298.2665 
68700 221.09 5.6747 0.0001 298.0778 
68800 220.81 5.5876 0.0001 297.889 
68900 220.53 5.5018 0.0001 297.7 
69000 220.25 5.4172 0.0001 297.511 
69100 219.97 5.3337 0.0001 297.3218 
69200 219.69 5.2515 0.0001 297.1325 
69300 219.41 5.1704 0.0001 296.9431 
69400 219.13 5.0905 0.0001 296.7536 
69500 218.85 5.0117 0.0001 296.5639 
69600 218.57 4.934 0.0001 296.3742 
69700 218.29 4.8574 0.0001 296.1843 
69800 218.01 4.782 0.0001 295.9942 
69900 217.73 4.7076 0.0001 295.8041 
70000 217.45 4.6342 0.0001 295.6138 
70100 217.17 4.5619 0.0001 295.4235 
70200 216.89 4.4907 0.0001 295.233 
70300 216.61 4.4205 0.0001 295.0423 
70400 216.33 4.3512 0.0001 294.8516 
70500 216.05 4.283 0.0001 294.6607 
70600 215.77 4.2158 0.0001 294.4697 
70700 215.49 4.1495 0.0001 294.2786 
70800 215.21 4.0842 0.0001 294.0873 
70900 214.93 4.0199 0.0001 293.8959 
71000 214.65 3.9564 0.0001 293.7044 
71100 214.45 3.8939 0.0001 293.5676 
71200 214.25 3.8324 0.0001 293.4307 
71300 214.05 3.7717 0.0001 293.2937 
71400 213.85 3.712 0.0001 293.1566 
71500 213.65 3.6531 0.0001 293.0195 
71600 213.45 3.5951 0.0001 292.8823 
71700 213.25 3.538 0.0001 292.7451 
71800 213.05 3.4818 0.0001 292.6078 
71900 212.85 3.4263 0.0001 292.4704 
72000 212.65 3.3718 0.0001 292.3329 
72100 212.45 3.318 0.0001 292.1954 
72200 212.25 3.265 0.0001 292.0579 
72300 212.05 3.2129 0.0001 291.9202 
72400 211.85 3.1615 0.0001 291.7825 
72500 211.65 3.1109 0.0001 291.6448 
72600 211.45 3.0611 0.0001 291.5069 
72700 211.25 3.012 0 291.3691 
72800 211.05 2.9637 0 291.2311 
72900 210.85 2.9161 0 291.0931 
73000 210.65 2.8692 0 290.955 
73100 210.45 2.823 0 290.8168 
73200 210.25 2.7775 0 290.6786 
73300 210.05 2.7327 0 290.5403 
73400 209.85 2.6886 0 290.402 
73500 209.65 2.6452 0 290.2635 
73600 209.45 2.6024 0 290.1251 
73700 209.25 2.5603 0 289.9865 
73800 209.05 2.5188 0 289.8479 
73900 208.85 2.478 0 289.7092 
74000 208.65 2.4377 0 289.5705 
74100 208.45 2.3981 0 289.4316 
74200 208.25 2.3591 0 289.2928 
74300 208.05 2.3207 0 289.1538 
74400 207.85 2.2829 0 289.0148 
74500 207.65 2.2457 0 288.8757 
74600 207.45 2.209 0 288.7366 
74700 207.25 2.1729 0 288.5973 
74800 207.05 2.1374 0 288.4581 
74900 206.85 2.1024 0 288.3187 
75000 206.65 2.0679 0 288.1793 
75100 206.45 2.034 0 288.0398 
75200 206.25 2.0006 0 287.9002 
75300 206.05 1.9677 0 287.7606 
75400 205.85 1.9353 0 287.6209 
75500 205.65 1.9035 0 287.4812 
75600 205.45 1.8721 0 287.3414 
75700 205.25 1.8412 0 287.2015 
75800 205.05 1.8108 0 287.0615 
75900 204.85 1.7809 0 286.9215 
76000 204.65 1.7514 0 286.7814 
76100 204.45 1.7224 0 286.6412 
76200 204.25 1.6938 0 286.501 
76300 204.05 1.6657 0 286.3607 
76400 203.85 1.6381 0 286.2203 
76500 203.65 1.6108 0 286.0799 
76600 203.45 1.584 0 285.9393 
76700 203.25 1.5576 0 285.7988 
76800 203.05 1.5316 0 285.6581 
76900 202.85 1.5061 0 285.5174 
77000 202.65 1.4809 0 285.3766 
77100 202.45 1.4561 0 285.2357 
77200 202.25 1.4318 0 285.0948 
77300 202.05 1.4078 0 284.9538 
77400 201.85 1.3842 0 284.8128 
77500 201.65 1.3609 0 284.6716 
77600 201.45 1.338 0 284.5304 
77700 201.25 1.3155 0 284.3891 
77800 201.05 1.2934 0 284.2478 
77900 200.85 1.2716 0 284.1064 
78000 200.65 1.2501 0 283.9649 
78100 200.45 1.229 0 283.8233 
78200 200.25 1.2082 0 283.6817 
78300 200.05 1.1878 0 283.54 
78400 199.85 1.1677 0 283.3982 
78500 199.65 1.1479 0 283.2564 
78600 199.45 1.1284 0 283.1145 
78700 199.25 1.1092 0 282.9725 
78800 199.05 1.0903 0 282.8304 
78900 198.85 1.0718 0 282.6883 
79000 198.65 1.0535 0 282.5461 
79100 198.45 1.0355 0 282.4039 
79200 198.25 1.0179 0 282.2615 
79300 198.05 1.0005 0 282.1191 
79400 197.85 0.9833 0 281.9766 
79500 197.65 0.9665 0 281.8341 
79600 197.45 0.9499 0 281.6914 
79700 197.25 0.9336 0 281.5487 
79800 197.05 0.9176 0 281.406 
79900 196.85 0.9018 0 281.2631 
80000 196.65 0.8863 0 281.1202 
80100 196.45 0.871 0 280.9772 
80200 196.25 0.856 0 280.8341 
80300 196.05 0.8412 0 280.691 
80400 195.85 0.8267 0 280.5478 
80500 195.65 0.8124 0 280.4045 
80600 195.45 0.7983 0 280.2612 
80700 195.25 0.7845 0 280.1177 
80800 195.05 0.7708 0 279.9742 
80900 194.85 0.7575 0 279.8306 
81000 194.65 0.7443 0 279.687 
81100 194.45 0.7313 0 279.5433 
81200 194.25 0.7186 0 279.3995 
81300 194.05 0.706 0 279.2556 
81400 193.85 0.6937 0 279.1117 
81500 193.65 0.6816 0 278.9676 
81600 193.45 0.6697 0 278.8235 
81700 193.25 0.6579 0 278.6794 
81800 193.05 0.6464 0 278.5351 
81900 192.85 0.6351 0 278.3908 
82000 192.65 0.6239 0 278.2464 
82100 192.45 0.6129 0 278.1019 
82200 192.25 0.6021 0 277.9574 
82300 192.05 0.5915 0 277.8128 
82400 191.85 0.5811 0 277.6681 
82500 191.65 0.5708 0 277.5233 
82600 191.45 0.5607 0 277.3785 
82700 191.25 0.5508 0 277.2335 
82800 191.05 0.5411 0 277.0886 
82900 190.85 0.5315 0 276.9435 
83000 190.65 0.522 0 276.7983 
83100 190.45 0.5128 0 276.6531 
83200 190.25 0.5036 0 276.5078 
83300 190.05 0.4947 0 276.3624 
83400 189.85 0.4859 0 276.217 
83500 189.65 0.4772 0 276.0714 
83600 189.45 0.4687 0 275.9258 
83700 189.25 0.4603 0 275.7802 
83800 189.05 0.452 0 275.6344 
83900 188.85 0.4439 0 275.4886 
84000 188.65 0.436 0 275.3426 
84100 188.45 0.4282 0 275.1966 
84200 188.25 0.4205 0 275.0506 
84300 188.05 0.4129 0 274.9044 
84400 187.85 0.4055 0 274.7582 
84500 187.65 0.3981 0 274.6119 
84600 187.45 0.391 0 274.4655 
84700 187.25 0.3839 0 274.3191 
84800 187.05 0.3769 0 274.1725 
84900 186.946 0.3701 0 274.0963 
85000 186.946 0.3634 0 274.0963 
85100 186.946 0.3568 0 274.0963 
85200 186.946 0.3504 0 274.0963 
85300 186.946 0.344 0 274.0963 
85400 186.946 0.3378 0 274.0963 
85500 186.946 0.3317 0 274.0963 
85600 186.946 0.3257 0 274.0963 
85700 186.946 0.3198 0 274.0963 
85800 186.946 0.314 0 274.0963 
85900 186.946 0.3083 0 274.0963 
86000 186.946 0.3027 0 274.0963 
 
