##2/7/2003
##2:50 PM
##INPUT ORDER
##Mach	Angle	Wire_1	Wire_2
0.066	-40.000	1.251	1.609
0.076	-40.000	1.268	1.643
0.085	-40.000	1.284	1.675
0.095	-40.000	1.298	1.705
0.105	-39.999	1.309	1.732
0.115	-39.999	1.323	1.758
0.124	-39.999	1.333	1.780
0.133	-39.999	1.342	1.799
0.143	-39.999	1.356	1.821
0.153	-39.998	1.366	1.842
0.172	-39.998	1.380	1.877
0.066	-34.999	1.283	1.609
0.076	-34.998	1.300	1.641
0.085	-35.000	1.320	1.673
0.095	-34.999	1.340	1.704
0.105	-34.998	1.356	1.730
0.115	-35.000	1.368	1.757
0.124	-34.999	1.386	1.779
0.133	-35.000	1.396	1.800
0.143	-34.999	1.413	1.819
0.152	-35.000	1.419	1.839
0.172	-35.002	1.446	1.874
0.066	-30.002	1.312	1.605
0.075	-30.003	1.334	1.638
0.085	-30.002	1.356	1.671
0.095	-30.002	1.379	1.700
0.105	-30.002	1.398	1.726
0.115	-30.002	1.411	1.752
0.124	-30.002	1.433	1.775
0.133	-30.003	1.447	1.795
0.143	-30.002	1.457	1.816
0.153	-30.003	1.476	1.836
0.172	-30.001	1.498	1.871
0.066	-24.998	1.344	1.600
0.076	-24.998	1.372	1.634
0.085	-24.998	1.390	1.665
0.096	-24.999	1.417	1.695
0.104	-24.997	1.435	1.719
0.114	-24.999	1.453	1.746
0.124	-24.998	1.470	1.770
0.133	-24.999	1.482	1.789
0.143	-24.999	1.499	1.810
0.152	-24.999	1.513	1.828
0.172	-24.999	1.544	1.865
0.066	-20.002	1.374	1.592
0.075	-20.002	1.402	1.626
0.085	-20.002	1.426	1.659
0.095	-20.002	1.445	1.687
0.105	-20.002	1.468	1.713
0.115	-20.003	1.488	1.739
0.124	-20.002	1.506	1.762
0.133	-20.002	1.524	1.781
0.143	-20.002	1.537	1.804
0.153	-20.003	1.550	1.821
0.172	-20.003	1.581	1.856
0.066	-14.999	1.404	1.583
0.075	-14.999	1.428	1.616
0.085	-14.999	1.455	1.648
0.095	-14.999	1.481	1.677
0.104	-14.999	1.497	1.703
0.115	-14.999	1.521	1.729
0.124	-14.999	1.537	1.750
0.133	-14.999	1.558	1.771
0.143	-14.998	1.574	1.791
0.152	-14.998	1.586	1.810
0.172	-14.998	1.616	1.844
0.066	-10.002	1.428	1.573
0.075	-10.003	1.451	1.606
0.085	-10.003	1.482	1.638
0.095	-10.003	1.506	1.666
0.104	-10.003	1.526	1.692
0.115	-10.002	1.550	1.717
0.124	-10.002	1.567	1.738
0.133	-10.002	1.585	1.759
0.143	-10.002	1.600	1.778
0.152	-10.003	1.617	1.797
0.172	-10.003	1.648	1.833
0.066	-4.999	1.448	1.560
0.075	-4.999	1.478	1.593
0.085	-4.998	1.504	1.623
0.095	-4.998	1.529	1.651
0.104	-4.999	1.550	1.675
0.115	-4.999	1.573	1.702
0.124	-4.999	1.594	1.723
0.133	-4.999	1.610	1.743
0.143	-4.999	1.632	1.762
0.152	-4.998	1.646	1.783
0.172	-4.998	1.675	1.814
0.066	-0.001	1.469	1.545
0.075	-0.002	1.496	1.575
0.085	-0.001	1.524	1.606
0.095	-0.001	1.552	1.632
0.104	-0.002	1.574	1.658
0.114	-0.002	1.595	1.682
0.124	-0.001	1.616	1.703
0.133	-0.002	1.635	1.723
0.143	-0.003	1.653	1.744
0.152	-0.002	1.670	1.762
0.171	-0.003	1.699	1.794
0.066	5.002	1.485	1.527
0.075	5.002	1.515	1.556
0.085	5.002	1.543	1.587
0.095	5.003	1.571	1.614
0.104	5.003	1.591	1.637
0.114	5.001	1.615	1.660
0.124	5.003	1.634	1.682
0.133	5.001	1.653	1.700
0.143	5.001	1.671	1.720
0.152	5.002	1.690	1.738
0.171	5.002	1.721	1.773
0.066	9.998	1.498	1.506
0.075	9.998	1.528	1.532
0.085	9.998	1.558	1.562
0.095	9.998	1.584	1.591
0.104	9.998	1.608	1.611
0.114	9.998	1.630	1.637
0.124	9.998	1.652	1.656
0.132	9.997	1.669	1.674
0.142	9.997	1.689	1.691
0.152	9.998	1.708	1.709
0.171	9.997	1.739	1.741
0.066	15.002	1.510	1.478
0.075	15.002	1.540	1.507
0.085	15.001	1.569	1.535
0.095	15.001	1.595	1.560
0.104	15.002	1.619	1.584
0.114	15.002	1.643	1.609
0.124	15.001	1.664	1.627
0.133	15.001	1.683	1.644
0.142	15.001	1.702	1.663
0.152	15.002	1.720	1.680
0.171	15.001	1.753	1.711
0.066	19.998	1.519	1.447
0.075	19.998	1.549	1.479
0.085	19.997	1.579	1.504
0.094	19.997	1.606	1.525
0.104	19.998	1.630	1.551
0.114	19.998	1.653	1.571
0.124	19.997	1.676	1.591
0.132	19.997	1.693	1.609
0.143	19.998	1.715	1.624
0.152	19.997	1.732	1.645
0.171	19.997	1.763	1.674
0.066	25.002	1.527	1.417
0.075	25.001	1.557	1.445
0.085	25.002	1.588	1.469
0.095	25.002	1.615	1.492
0.104	25.002	1.639	1.515
0.114	25.002	1.663	1.538
0.123	25.002	1.684	1.550
0.132	25.001	1.702	1.571
0.142	25.001	1.723	1.588
0.152	25.001	1.742	1.605
0.171	25.001	1.773	1.636
0.066	29.998	1.532	1.382
0.075	29.997	1.563	1.407
0.085	29.998	1.594	1.435
0.095	29.998	1.621	1.452
0.105	29.998	1.647	1.475
0.114	29.998	1.669	1.494
0.124	29.997	1.691	1.512
0.132	29.997	1.710	1.523
0.143	29.997	1.730	1.546
0.152	29.997	1.747	1.555
0.173	29.998	1.783	1.584
0.066	35.002	1.537	1.346
0.075	35.001	1.569	1.369
0.085	35.002	1.598	1.391
0.095	35.002	1.627	1.409
0.104	35.001	1.650	1.421
0.114	35.002	1.674	1.442
0.123	35.002	1.695	1.461
0.132	35.001	1.715	1.471
0.143	35.002	1.735	1.491
0.152	35.002	1.753	1.504
0.173	35.002	1.787	1.530
0.066	39.998	1.539	1.308
0.075	39.998	1.571	1.329
0.085	39.998	1.600	1.343
0.095	39.997	1.629	1.359
0.104	39.998	1.652	1.379
0.114	39.998	1.677	1.392
0.124	39.997	1.698	1.404
0.133	39.998	1.718	1.423
0.143	39.997	1.739	1.428
0.152	39.998	1.756	1.443
0.172	39.997	1.789	1.471